Proceso: 3 - Envia: B+1=0x55570345c5b8 - val0: 0.50118 - A=0x55570346b1f0 - tamBloque=8
P: 3 hace Free de 0x55570346b1f0 y 0x55570345c5b0
Punteros: A=0x55570346b1f0,B=0x55570345c5b0,swapaux=0x55570345c5b0,tamBloque=0x7ffdc2494614,data0=0x7ffdc2494628,converge=0x7ffdc2494618,Vector = [0.50118024, 0.50087058, 0.50060171, 0.50037636, 0.50019677, 0.50006476, 0.49998164, 0.49994826, ]
