Proceso: 1 - Envia: B+1=0x5558b4022638 - val0: 0.50834 - A=0x5558b40225e0 - tamBloque=8
P: 1 hace Free de 0x5558b40225e0 y 0x5558b4022630
Punteros: A=0x5558b40225e0,B=0x5558b4022630,swapaux=0x5558b4022630,tamBloque=0x7ffc9672616c,data0=0x7ffc96726188,converge=0x7ffc96726170,Vector = [0.50833888, 0.50795730, 0.50754534, 0.50710715, 0.50664712, 0.50616988, 0.50568021, 0.50518305, ]
