Vector = [0.84018772, 0.39438293, 0.78309922, 0.79844003, 0.91164736, 0.19755137, 0.33522276, 0.76822959, 0.27777471, 0.55396996, 0.47739705, 0.62887092, 0.36478447, 0.51340091, 0.95222973, 0.91619507, 0.63571173, 0.71729693, 0.14160256, 0.60696888, 0.01630057, 0.24288677, 0.13723158, 0.80417675, 0.15667909, 0.40094439, 0.12979045, 0.10880880, 0.99892452, 0.21825691, 0.51293239, 0.83911223, ]
Proceso: 0 - Envia: B+1=0x5648a1d1e208 - val0: 0.50988 - A=0x5648a1d1db80 - tamBloque=8
Iteraciones: 932
Tiempo en segundos: 0.001485
Resultado: 
Vector = [0.50988491, 0.50980179, 0.50966977, 0.50949018, 0.50926481, 0.50899594, 0.50868626, 0.50836180, 0.50833888, 0.50795730, 0.50754534, 0.50710715, 0.50664712, 0.50616988, 0.50568021, 0.50518305, 0.50468338, 0.50418622, 0.50369656, 0.50321933, 0.50275931, 0.50232112, 0.50190918, 0.50152761, 0.50118024, 0.50087058, 0.50060171, 0.50037636, 0.50019677, 0.50006476, 0.49998164, 0.49994826, ]
P: 0 hace Free de 0x5648a1d1db80 y 0x5648a1d1e200
Punteros: A=0x5648a1d1db80,B=0x5648a1d1e200,swapaux=0x5648a1d1e200,tamBloque=0x7ffc1e0fe100,originalA=0x5648a1d1db80,originalB=0x5648a1d1e200,P: 0 hace Free de 0x5648a1d1db80 y 0x5648a1d1e200
